4294967294,0
4294967278,7
4294967278,9
4294967278,8
4294967278,217
4294967278,214
4294967278,12
4294967278,11
4294967278,10
4294967278,21
4294967278,20
4294967278,19
4294967278,18
4294967278,17
4294967278,16
4294967278,15
4294967278,14
4294967278,13
4294967278,213
4294967279,309
4294967278,212
4294967278,211
4294967278,40
4294967278,39
4294967278,38
4294967278,37
4294967278,36
4294967278,35
4294967278,34
4294967278,33
4294967278,32
4294967278,31
4294967278,30
4294967278,29
4294967278,28
4294967278,27
4294967278,26
4294967278,25
4294967278,24
4294967278,23
4294967278,22
4294967279,32
4294967279,31
4294967279,30
4294967279,28
4294967279,26
4294967279,21
4294967279,19
4294967279,18
4294967279,16
4294967279,15
4294967279,13
4294967279,11
4294967278,210
4294967278,318
4294967279,308
4294967294,93
4294967294,95
4294967278,208
4294967294,50
4294967294,43
4294967294,417
4294967294,180
4294967294,1016
4294967294,27
4294967294,104
4294967294,189
4294967294,384
4294967294,1418
4294967294,30
4294967294,1167
4294967294,1166
4294967294,1164
4294967294,1163
4294967294,1158
4294967294,1019
4294967294,992
4294967294,990
4294967294,989
4294967294,988
4294967294,987
4294967294,60
4294967294,92
4294967294,88
4294967294,18
4294967294,126
4294967294,20
4294967294,13
4294967294,10
4294967294,1095
4294967294,1094
4294967294,1093
4294967294,1092
4294967294,1091
4294967294,1090
4294967294,1089
4294967294,1015
4294967294,1014
4294967294,1013
4294967294,1012
4294967294,1011
4294967294,1008
4294967294,1007
4294967294,1006
4294967294,1004
4294967294,1002
4294967294,999
4294967294,997
4294967294,996
4294967294,995
4294967294,421
4294967294,401
4294967294,190
4294967294,185
4294967294,182
4294967294,176
4294967294,173
4294967294,170
4294967294,163
4294967294,162
4294967294,161
4294967294,1098
4294967294,1419
4294967279,307
4294967279,260
4294967279,0
4294967278,317
4294967278,206
4294967278,205
4294967278,204
4294967278,203
4294967278,202
4294967278,201
4294967278,200
4294967278,199
4294967278,198
4294967278,197
4294967278,196
4294967278,195
4294967278,194
4294967278,193
4294967278,192
4294967278,191
4294967278,190
4294967278,189
4294967278,316
4294967294,7
4294967278,315
4294967278,186
4294967278,132
4294967278,131
4294967278,130
4294967278,129
4294967278,128
4294967278,127
4294967278,126
4294967278,125
4294967278,124
4294967278,123
4294967278,122
4294967278,121
4294967278,120
4294967278,119
4294967278,118
4294967278,117
4294967278,116
4294967278,115
4294967278,114
4294967278,113
4294967278,112
4294967278,111
4294967278,110
4294967278,109
4294967278,108
4294967278,107
4294967278,106
4294967278,105
4294967278,104
4294967278,103
4294967278,102
4294967278,101
4294967278,100
4294967278,99
4294967278,98
4294967278,97
4294967278,96
4294967278,95
4294967278,94
4294967278,93
4294967278,92
4294967278,91
4294967278,90
4294967278,89
4294967278,87
4294967278,86
4294967278,85
4294967278,84
4294967278,83
4294967278,82
4294967278,81
4294967278,80
4294967278,79
4294967278,78
4294967278,77
4294967278,76
4294967278,75
4294967278,74
4294967278,73
4294967278,71
4294967278,70
4294967278,69
4294967278,68
4294967278,67
4294967278,66
4294967278,65
4294967278,64
4294967278,63
4294967278,62
4294967278,61
4294967278,60
4294967278,59
4294967278,58
4294967278,57
4294967278,56
4294967278,55
4294967278,54
4294967278,53
4294967278,52
4294967278,51
4294967278,50
4294967278,49
4294967278,48
4294967278,299
4294967278,47
4294967278,298
4294967278,46
4294967278,45
4294967278,44
4294967278,43
4294967278,42
4294967278,41
4294967279,29
4294967279,27
4294967279,285
4294967279,25
4294967279,24
4294967279,23
4294967279,283
4294967279,22
4294967279,20
4294967279,17
4294967279,14
4294967279,293
4294967279,12
4294967279,10
4294967279,9
4294967279,8
4294967279,274
4294967279,7
4294967279,6
4294967279,5
4294967279,4
4294967278,314
4294967278,260
4294967278,0
4294967278,72
4294967279,306
4294967294,11
4294967294,46
4294967294,36
4294967294,387
4294967294,165
4294967294,167
4294967294,175
4294967294,183
0,5
4294967294,39
4294967294,1018
4294967278,183
4294967278,182
4294967278,181
4294967294,6
